1290
29388
1292
45972
1849491
1379
29391
340146
1639
1308
1759399
1302
1313
45634
1358
1613
1590
1352
1245
29394
1491
1513
712528
33034
1747
33010
675864
2663857
2712223
196162
2483798
2714939
2045452
450734
2518370
449461
1736691
642780
319707
1800
117567
1764
1682113
1552759
36809
161899
1487956
2079535
401472
43768
38289
38301
225326
156976
38302
1828
37919
455432
37326
135487
1004901
546160
1528099
1270
404583
71999
1275
2719588
1049583
388357
446860
43675
2047
172042
2014534
1906742
2483401
104336
84292
1575
28447
684552
857417
262209
53458
2714941
2571029
556288
43669
2017484
2017485
1276
1703
273384
2591145
1708
84757
60920
2099583
67304
83656
2018025
712122
706438
2081702
1656
1690815
1836
103731
946334
649831
1867
1866
138336
1884634
1798224
131568
49319
2653852
191495
513223
1967666
2490939
456163
2082386
34029
1768242
926
946333
2697032
358220
80867
721785
434008
436515
2184519
434010
2565558
47421
1763535
285
2597701
1082851
1484693
81479
192843
2527691
180282
94132
216465
2714924
2735554
179636
2109915
305
105219
152500
87883
28450
119219
164546
82633
151783
2732163
1707785
1678028
1141883
2045208
864828
2072590
964
341045
2497863
1644131
368607
2601898
2728020
158899
279058
279113
511
28449
495
1906741
2005884
41977
1765049
259537
1842540
36861
288000
1404888
167468
115808
244734
1437360
1274631
375
1325090
1325107
190148
1325115
1355477
44255
255045
1867715
2015316
1526658
1076
1882747
426117
2202828
1479019
2202826
2051553
270351
2202827
408
2082949
384
106592
879274
2725666
2083786
2499144
2233851
1079
376174
293089
686597
2591463
1938605
2561924
2560058
2562582
1827469
74329
74313
293
41276
1325724
366602
69665
2708539
284016
2714943
1938607
1961362
1327635
745310
1030157
1813879
2714944
93064
363835
1549858
424800
1609977
160791
941907
1560345
13689
2082188
407020
13690
120107
1914525
292913
267128
1609758
158500
1892855
2060312
692370
2003315
1112
2589076
2500532
2560053
1077935
121719
1063
1075
195105
2579971
2169400
2220096
2202148
709810
664962
192
193
1226968
34018
1612173
257708
94
1940610
991904
287
53408
294
47878
76760
316
303
47880
101564
395598
321846
40215
40214
2004644
2004646
470
40216
108980
756892
108981
134534
70348
1699621
571
28901
546
562
9
346
343
40324
216778
69
453783
84531
435897
2508168
2006110
314722
2714945
729
651
43
297
421525
459526
1019
1017
237258
406548
851
712357
40559
122368
5850
5811
2285
54736
2686305
2500542
1499973
2044467
564
1134687
1463165
1972757
2015795
1934254
621
624
67827
1639133
57706
133448
2077147
2077149
1702170
2697370
2013114
35703
545
1563222
158836
1812935
299767
2494701
208224
2077136
1914861
399742
1560339
1868135
885040
497725
2492396
2714951
2282310
2681309
1920114
1920116
28141
413503
61646
1907578
2153385
693444
2675773
138072
134287
1505597
472834
158823
61647
565
2172103
671990
138074
61652
618
632
633
630
935293
29486
2339259
34038
1878942
2126321
1646377
592316
2479547
553
1235990
1891675
215689
53336
82987
1615494
1458355
628
40576
516075
333962
2218628
291112
582
634113
568766
69223
204039
204038
554
2042057
180957
2108399
78398
1486991
1239307
1929246
1082704
93378
569
82983
82985
2498113
703
46680
1294143
2653853
2320867
1930532
1028989
658630
1881017
2049589
1931241
2320270
1736226
1981174
143813
1207075
2730848
2498848
2213057
2730847
2505979
2726989
2219057
2201356
658644
2025658
2559074
1611770
1534110
1500686
658629
2590776
1259844
1500687
2597770
2169583
2664899
2605424
1415630
2083052
2069256
1173288
69328
658643
2083051
1173273
2083053
1173280
1173270
658632
658641
2587597
2609418
1173284
2479393
380021
76758
183795
200450
651740
75612
169669
75588
76761
78543
70775
78327
271420
47886
47884
296
65741
317
36746
1190415
50340
47877
29438
43306
312306
237609
1499686
930166
198618
487184
797277
1148509
219572
553151
86265
191390
359110
122355
1434072
702115
53407
1421430
1306993
1615674
69964
353
1510150
480
56448
2010829
75985
727
730
726
738
731
750
663
2572923
300876
190893
52443
676
38293
74109
673
80679
1050
1166950
589873
2304594
2172099
2183582
94122
93973
62322
2587843
166935
2055892
1298881
90736
645
1758179
1636607
654
648
1903694
115561
29571
1495769
187493
188908
2014542
285091
1628392
2161747
1027273
446
28087
454
451
2054173
263
28110
754477
186490
1971485
1972134
1543721
447471
39775
1432792
414
1808979
465721
1620215
1635327
1810504
1855726
248026
1796606
656179
94624
123899
103855
520
323284
2028345
487
1581557
649841
1981880
2697033
573658
944
744985
28199
603050
505249
1935204
197
210
483547
1915309
959
1423
260554
72360
227866
1390
1452
1648923
1127744
2567941
2728853
2014076
1742359
1565991
666686
1071080
2049935
887059
756828
2682541
1941347
1574141
1396
1405
1392
580165
1890302
2053832
2026187
1892404
2026186
2026189
293389
1441095
1398
189381
279826
1193713
665099
1397
1478
1783501
324767
79883
632773
1547283
86665
33932
1479
1413
79885
421767
1178537
2598861
1215031
2169540
2070463
28031
129338
33940
1426
1295642
294699
163877
302167
2654284
2502791
2283160
2052660
1449
2213194
33936
246432
308354
283734
1286
214473
70255
1912064
1715860
61015
29378
1295
985762
53344
69966
1461582
407035
1643
1640
2213202
1302659
1571
1474
298596
76853
2048654
241244
1406
1536772
1464
1778678
1616788
1712516
562959
253703
1763538
1465
1500254
2507935
2583377
84135
2490858
269673
1584
1624
1598
1599
1625
83683
97478
1610
1623
1579
1607
240427
2692757
1193095
304207
60520
227942
47770
33962
1720083
1633
1614
1588
267363
468911
89059
1618
231049
293371
1589
1138822
148814
303541
2304606
1254
2060307
2005703
417368
2714946
2562451
2571750
519472
633807
526944
33970
1311
1314
2576376
1334
1336
1307
1328
1811193
1433513
1825069
149016
59310
1940789
1366
2751
2748
708126
1868793
46256
759620
1249
1244
33964
1246
1247
119206
2320868
1216932
217159
36745
46867
1542
29341
394958
1501
1561
1494
116090
2109691
39488
1496
29322
33952
356322
42422
28187
39778
158847
1852373
1555112
379067
2675524
1773
1717
2714931
1274
649739
216816
1870985
467094
2546366
1160
1219
2683967
2113
2096
353852
324078
1911684
1541959
68909
47466
140
2518645
52584
2487063
266748
979
584609
63186
247
2686365
336810
28116
246787
328813
2057025
2615203
1583098
2663009
157688
436114
81412
280036
27291
1080349
5478
1071379
113608
45286
45285
27289
432096
4956
42374
1005962
4952
796027
56646
5141
2587410
4896
5855
647221
5861
85471
5865
5868
2850
227086
5671
5665
55529
2322
1673428
40522
1168549
1168548
1826170
1446792
2592382
1827146
1628753
2576356
2026190
412384
403957
2700081
1482
2017483
2303505
746691
2651284
200991
1215089
414778
1930546
1476
51173
2704463
2211212
1566358
1462996
2495582
164393
1007676
1612
187452
114090
1316408
2420310
1316412
2021971
2592653
1903686
165096
1252
641107
2212991
1702238
2587161
2507159
1548
238834
169679
1493
1041504
89152
1505
1490
1912897
33035
33038
185007
617123
1833852
58138
51515
29343
143393
288965
236753
911092
499229
2331
1323375
1870984
1852374
1712675
1977088
2714937
212765
2080740
258224
1697
1830
1702043
2489212
2033
2508882
443156
199591
2729175
2654547
2171623
111015
52771
2108470
1694
78259
1641402
240495
860235
2001
74426
2546359
1155739
1501268
82654
2104
2118
2151
264636
152260
1889813
2509675
1005039
2051905
2675790
2675791
2675793
2675795
2675785
2675772
2675784
2482769
2420306
2597702
29485
182337
2697019
626774
183417
158850
1224145
55208
2488639
1495331
1636603
2715164
1904944
1176533
370777
323415
2021234
739
123824
728
55601
674
1295392
80852
73141
437505
585455
314275
1740262
680279
2490635
43658
1930557
238836
359303
44012
43948
2053669
657387
2487929
254247
676208
947516
2169539
1737490
716816
1704499
870
95485
758793
93221
2571748
75105
1416806
1881016
375286
484
493
2290923
1108595
168471
916
33996
84159
1263979
359
1792307
1670800
1921510
1389011
2552942
35795
28198
197482
255507
913109
944547
449520
260714
2712867
80816
241368
345370
881
45663
2109558
1964448
1476873
221027
84378
996
986
2015076
1685010
1493872
1241979
28189
28188
327575
1774273
702745
2656761
1714860
2584122
1117645
983544
320324
983548
1484116
1191459
1177574
818
357276
837
712710
511435
2681766
862126
2732249
2053527
850
554406
157692
34105
2596890
2527995
83559
83552
2094242
428712
1855912
1295609
693075
5270
101028
280754
318829
78579
746128
2898
2594042
1747326
1084719
